6.782279246694771757e+01 1.786058116959265618e+01 1.270359890766505906e+01 -1.750138774449917278e+01
6.128633835107150674e+01 2.065113143675081631e+01 1.253138040415569066e+01 -2.047122465239755940e+01
5.572927006234174030e+01 2.365395624706586020e+01 1.208927716244881090e+01 -2.223174052823260638e+01
4.640448457153823369e+01 3.263263278203202589e+01 9.423983067442158301e+00 -2.006152673573835443e+01
5.785061812514469182e+01 2.255357162891029787e+01 1.219873336643079753e+01 -2.348074612525349991e+01
5.908217196658904413e+01 2.321295983800875007e+01 1.166242285760559838e+01 -2.201342971126748083e+01
6.560258652728946061e+01 1.864596686160253469e+01 1.269332529548152166e+01 -1.783196903990736359e+01
4.928694816015256208e+01 3.127546764291681569e+01 9.423297575274521165e+00 -2.166131498872634253e+01
5.432736615316503048e+01 2.764679190860497471e+01 1.039087611215743934e+01 -1.921519328930576265e+01
5.265483043048203626e+01 2.779339193260052099e+01 1.060791009285441788e+01 -2.315838477319301703e+01
5.689434583507207321e+01 2.312240387180055379e+01 1.206129531028851076e+01 -2.133172354980439778e+01
5.360927661299650993e+01 2.720484702683486944e+01 1.070303463790184750e+01 -2.925136461347165806e+01
7.121559564568684664e+01 1.535681091068320470e+01 1.328762311639508553e+01 -1.846575876975837716e+01
6.319897134407005979e+01 1.865455046635022640e+01 1.317537395363188324e+01 -1.935943779929023023e+01
7.525656576733246084e+01 1.198025934302053308e+01 1.417440655336432087e+01 -1.987207390122495454e+01
4.991302664246498466e+01 3.024572707652763626e+01 9.843050711036241296e+00 -2.726606986477843009e+01
4.333077425958825302e+01 3.603360861954389094e+01 8.206010112750970364e+00 -2.208737091540647057e+01
6.062825356845047509e+01 2.340319156609115581e+01 1.132705889347379546e+01 -1.840771206387151082e+01
4.519818531205309853e+01 3.383672790381756812e+01 8.978889614547172826e+00 -2.390445985199774981e+01
6.420269014221133830e+01 1.817998476621267301e+01 1.316830911437593876e+01 -1.901702961688713600e+01
5.702987182888051620e+01 2.489185057221227737e+01 1.115006142145051449e+01 -1.802770521331455456e+01
6.362617174851362023e+01 1.838323283166847588e+01 1.313606656386791371e+01 -1.830693378163150697e+01
7.084097781354412859e+01 1.596402938018271911e+01 1.306631275272590997e+01 -1.837055861207850427e+01
4.559687946052216034e+01 3.311182317518681373e+01 9.284717894763792501e+00 -3.300763683613006094e+01
5.298239438940431967e+01 2.612422541994652292e+01 1.140841256405959925e+01 -2.077852654770775942e+01
4.290732867818612561e+01 3.455432874964391488e+01 9.056325937712720986e+00 -2.181733410634801373e+01
5.989768295879159155e+01 2.117116731753025149e+01 1.248000474802079118e+01 -1.629029727095710101e+01
4.555319331820909667e+01 3.425331196794513744e+01 8.696399708485410329e+00 -2.191085602436534430e+01
5.428412847127258090e+01 2.502010645585721704e+01 1.167165053418440301e+01 -2.242405161392216328e+01
7.528243851774108464e+01 1.202541202385725327e+01 1.411937281176226655e+01 -1.746866482923755015e+01
4.885512587607156831e+01 3.004791072372755423e+01 1.016468239933213624e+01 -2.023349811653597285e+01
6.339211369537980545e+01 1.843406837224925710e+01 1.322599450710123925e+01 -2.184775229874316338e+01
5.081830946806160654e+01 2.881350021735731914e+01 1.041653987719978502e+01 -3.258705282799954972e+01
5.509145950480453280e+01 2.522687688655010874e+01 1.134647059653167034e+01 -2.127752007600603790e+01
6.733339391992126366e+01 1.851882495479896207e+01 1.246532988520079144e+01 -1.823501075738703747e+01
6.084413314051905530e+01 2.145577167069628288e+01 1.216371836566839981e+01 -1.943612110014948868e+01
4.500287808750569241e+01 3.400046877839377402e+01 8.977019406315312366e+00 -3.041053459388476909e+01
4.994067054480701984e+01 3.023875670828672924e+01 9.856415045537755049e+00 -3.578169367921398702e+01
5.582522927526157730e+01 2.465613861266023932e+01 1.149571843250398473e+01 -1.772279021117135045e+01
6.317699942117406664e+01 1.887635812952183301e+01 1.304181524303104922e+01 -1.910243319041783749e+01
6.656781052590693548e+01 1.543293607016809155e+01 1.406323037977864843e+01 -1.696253729442060987e+01
4.369440883035600365e+01 3.550175335824284417e+01 8.361182335933534659e+00 -1.877871378550041115e+01
5.261532633246333290e+01 2.678199452919101731e+01 1.111116252862329468e+01 -2.539126420765637704e+01
6.074467852599966022e+01 2.205580337357899623e+01 1.183458845682195637e+01 -1.845407450279206785e+01
6.486250232986603237e+01 1.715145607581033715e+01 1.354672577832338476e+01 -2.047632921900403247e+01
5.543688410254465282e+01 2.432163835736958291e+01 1.176056873246801970e+01 -2.174360282813381318e+01
7.254405724726866822e+01 1.422846686139270922e+01 1.359488117944282948e+01 -1.911391963598401844e+01
6.252278566457980702e+01 2.018412532997277609e+01 1.242065950392394313e+01 -1.878412145821192070e+01
5.838100061350838388e+01 2.147504863733530200e+01 1.267028216012996822e+01 -2.287766056734391640e+01
4.722284062167850038e+01 3.237657146608975012e+01 9.393714161396804485e+00 -2.230833180426392204e+01
